{
 "cells": [
  {
   "cell_type": "code",
   "execution_count": 49,
   "metadata": {},
   "outputs": [],
   "source": [
    "from sqlalchemy import create_engine\n",
    "import pandas as pd\n",
    "import pandas as pd\n",
    "import numpy as np\n",
    "\n",
    "engine = create_engine(\"postgresql://fgvqsuuw:fziWIx4G-xu3bPvFa4zVSo1TIPZf7Vyc@mel.db.elephantsql.com/fgvqsuuw\")"
   ]
  },
  {
   "cell_type": "code",
   "execution_count": 50,
   "metadata": {},
   "outputs": [],
   "source": [
    "tikers = ['VKCO', 'GAZP', 'LKOH', 'POLY', 'POSI', 'SBER', 'OZON', 'AFLT', 'MTLR', 'PIKK']"
   ]
  },
  {
   "cell_type": "code",
   "execution_count": null,
   "metadata": {},
   "outputs": [],
   "source": [
    "def sr_year_profit(df, tiker_name):   # доходность по месяцам одного тикера\n",
    "    df[tiker_name] = df['close'].pct_change()\n",
    "    df = df[['date', tiker_name]]\n",
    "    df = df.set_index('date')\n",
    "    return df['2022-1-1':]"
   ]
  },
  {
   "cell_type": "code",
   "execution_count": 108,
   "metadata": {},
   "outputs": [],
   "source": [
    "def portfolio_simulation(tikers, iterations):\n",
    "    df_tikers = pd.DataFrame()\n",
    "    for tiker in tikers:\n",
    "        df_tikers = df_tikers.add(sr_year_profit(pd.read_sql_query(f\"SELECT * FROM history_tiker_month WHERE secid = '{tiker}'\", con=engine), tiker), fill_value=0)\n",
    "\n",
    "    info_mean = df_tikers.mean()\n",
    "    tikers = list(info_mean[info_mean > 0].index)\n",
    "    df_tikers = df_tikers[list(info_mean[info_mean > 0].index)]\n",
    "\n",
    "\n",
    "    num_assets = len(df_tikers.columns)\n",
    "    returns = df_tikers\n",
    "\n",
    "    port = []\n",
    "    port_returns = []\n",
    "    port_vols = []\n",
    "    \n",
    "    for i in range (iterations):\n",
    "        weights = np.random.dirichlet(np.ones(num_assets),size=1)[0]\n",
    "        port.append(weights)\n",
    "        port_returns.append(np.sum(returns.mean() * weights) * 252)\n",
    "        port_vols.append(np.sqrt(np.dot(weights.T, np.dot(returns.cov() * 252, weights))))\n",
    "    \n",
    "    # Convert lists to arrays\n",
    "    df_model = pd.DataFrame()\n",
    "    df_model['port_returns'] = np.array(port_returns)\n",
    "    df_model['port_vols'] = np.array(port_vols)\n",
    "    for index in range(len(tikers)):\n",
    "        df_model[tikers[index]] = (np.array(port).T)[index]\n",
    "    \n",
    "    index_max_returns = df_model.sort_values(by='port_returns', ascending=False).index[0]\n",
    "    index_min_vols = df_model.sort_values(by='port_vols', ascending=True).index[0]\n",
    "\n",
    "    df_graph = pd.DataFrame({'sepal_length': np.array(port_returns), 'sepal_width': np.array(port_vols)})\n",
    "\n",
    "    return df_graph, df_model.loc[[index_max_returns]], df_model.loc[[index_min_vols]]"
   ]
  },
  {
   "cell_type": "code",
   "execution_count": 110,
   "metadata": {},
   "outputs": [
    {
     "name": "stdout",
     "output_type": "stream",
     "text": [
      "[0.21127385 0.33087246 0.06152542 0.39632828]\n",
      "[0.74050133 0.11715793 0.04729996 0.09504077]\n",
      "[0.22021242 0.51203619 0.11113739 0.156614  ]\n",
      "[0.02587694 0.36786005 0.56996548 0.03629753]\n",
      "[0.20356419 0.05627225 0.53259009 0.20757347]\n",
      "[0.03038477 0.18223205 0.77293548 0.0144477 ]\n",
      "[0.04070093 0.03657153 0.51722861 0.40549893]\n",
      "[0.01766805 0.30578865 0.64275531 0.03378799]\n",
      "[0.54043461 0.19450103 0.16292777 0.10213659]\n",
      "[0.61615631 0.02281818 0.31024837 0.05077714]\n",
      "[0.04681385 0.11567836 0.59256756 0.24494023]\n",
      "[0.01280097 0.06024988 0.4358037  0.49114544]\n",
      "[0.0651161  0.02955068 0.04099225 0.86434097]\n",
      "[0.03750998 0.01865674 0.78487987 0.15895341]\n",
      "[0.02176053 0.52887665 0.14499194 0.30437088]\n",
      "[0.1172244  0.02331147 0.6587664  0.20069774]\n",
      "[0.57784201 0.23686627 0.14354206 0.04174966]\n",
      "[0.22657624 0.15521078 0.33555544 0.28265754]\n",
      "[0.42705813 0.14759751 0.36354478 0.06179957]\n",
      "[0.11188518 0.10854622 0.26846519 0.51110341]\n",
      "[0.15892923 0.44746254 0.28917452 0.10443371]\n",
      "[0.27236484 0.11750809 0.35966905 0.25045803]\n",
      "[0.71870746 0.11245168 0.02370427 0.14513659]\n",
      "[0.02697457 0.01644261 0.04289528 0.91368754]\n",
      "[0.11057138 0.07370761 0.5161519  0.29956911]\n",
      "[0.12869124 0.33914888 0.06810807 0.46405181]\n",
      "[0.39566245 0.32012906 0.17922156 0.10498693]\n",
      "[0.34925782 0.27297218 0.26387335 0.11389664]\n",
      "[0.14746226 0.28118016 0.50613557 0.06522201]\n",
      "[0.14896771 0.46795414 0.17144132 0.21163683]\n",
      "[0.53020221 0.00548552 0.20116788 0.26314439]\n",
      "[0.48953167 0.0542734  0.41331781 0.04287712]\n",
      "[0.49544899 0.25233183 0.02884517 0.22337401]\n",
      "[0.34238369 0.30409773 0.24439157 0.10912701]\n",
      "[0.7905223  0.09365836 0.08141956 0.03439978]\n",
      "[0.25910144 0.03357912 0.02749023 0.6798292 ]\n",
      "[0.66288633 0.04312681 0.12369236 0.1702945 ]\n",
      "[0.61985089 0.16318469 0.01227522 0.2046892 ]\n",
      "[0.1793644  0.61988312 0.16047987 0.04027262]\n",
      "[0.06302167 0.00191376 0.67188554 0.26317903]\n",
      "[0.1213152  0.31388882 0.17761392 0.38718205]\n",
      "[0.55816708 0.16619717 0.07522318 0.20041257]\n",
      "[0.11728122 0.15140722 0.38555739 0.34575417]\n",
      "[0.26372815 0.25917497 0.42630665 0.05079023]\n",
      "[0.37368113 0.37754682 0.05314652 0.19562553]\n",
      "[0.42314565 0.42046582 0.08789606 0.06849248]\n",
      "[0.20515349 0.16515467 0.40152012 0.22817171]\n",
      "[0.35995668 0.09480447 0.10242931 0.44280954]\n",
      "[0.73802392 0.11853592 0.07208064 0.07135953]\n",
      "[0.55024075 0.00600334 0.2642485  0.17950741]\n",
      "[0.22564578 0.56548601 0.18668672 0.02218149]\n",
      "[0.25861305 0.28009165 0.02963803 0.43165727]\n",
      "[9.16915562e-02 5.12198482e-01 2.94145484e-04 3.95815816e-01]\n",
      "[0.65324447 0.23303652 0.00305958 0.11065942]\n",
      "[0.62503496 0.21142887 0.03523324 0.12830292]\n",
      "[0.46172623 0.13515802 0.05742537 0.34569039]\n",
      "[0.29052729 0.11180059 0.26479879 0.33287334]\n",
      "[0.20269029 0.30189986 0.06232427 0.43308558]\n",
      "[0.26420249 0.0858907  0.15857026 0.49133655]\n",
      "[0.07935847 0.19591689 0.13032985 0.59439478]\n",
      "[0.20634321 0.07314094 0.37363823 0.34687763]\n",
      "[0.02896897 0.19807272 0.27398506 0.49897325]\n",
      "[0.20130326 0.2930956  0.02724114 0.47835999]\n",
      "[0.023697   0.14260316 0.10905743 0.72464241]\n",
      "[0.15450077 0.01261363 0.21714522 0.61574039]\n",
      "[0.38348834 0.13823757 0.46390178 0.01437232]\n",
      "[0.10597373 0.58388176 0.23497573 0.07516878]\n",
      "[0.44371144 0.32008156 0.13132561 0.10488139]\n",
      "[0.20890465 0.11481039 0.51125654 0.16502842]\n",
      "[0.12923654 0.52671534 0.0513403  0.29270781]\n",
      "[0.45338914 0.39136984 0.08153078 0.07371025]\n",
      "[0.21296529 0.11320855 0.40058017 0.27324599]\n",
      "[0.11855573 0.02974582 0.56313241 0.28856604]\n",
      "[0.22507309 0.43908164 0.11366133 0.22218395]\n",
      "[0.26124641 0.6379665  0.01837486 0.08241223]\n",
      "[0.31831532 0.02729297 0.62795521 0.0264365 ]\n",
      "[0.27633713 0.1599724  0.30138505 0.26230541]\n",
      "[0.10291192 0.66655001 0.08767927 0.14285879]\n",
      "[0.03485031 0.02933951 0.80256095 0.13324923]\n",
      "[0.61271052 0.01281788 0.34508745 0.02938415]\n",
      "[0.03359849 0.33092828 0.55681761 0.07865563]\n",
      "[0.20109939 0.2711738  0.21849878 0.30922803]\n",
      "[0.50017921 0.07800833 0.2372183  0.18459417]\n",
      "[0.18101863 0.30267103 0.32370149 0.19260884]\n",
      "[0.23692725 0.04724822 0.68031751 0.03550702]\n",
      "[0.53029696 0.23144268 0.09362484 0.14463552]\n",
      "[0.04148067 0.82921518 0.0804158  0.04888836]\n",
      "[0.15271594 0.3128698  0.02670919 0.50770507]\n",
      "[0.245207   0.17874518 0.46831459 0.10773323]\n",
      "[0.02960912 0.8076595  0.03666091 0.12607047]\n",
      "[0.19922333 0.12944801 0.13127509 0.54005357]\n",
      "[0.13010046 0.06553681 0.11095627 0.69340646]\n",
      "[0.13448243 0.11748679 0.73837513 0.00965564]\n",
      "[0.80265205 0.03068301 0.11561436 0.05105057]\n",
      "[0.45722884 0.06195981 0.47229956 0.00851179]\n",
      "[0.36841679 0.25128515 0.21326938 0.16702868]\n",
      "[0.07899404 0.37542149 0.11147616 0.43410831]\n",
      "[0.02720203 0.54717607 0.21232085 0.21330105]\n",
      "[0.23581154 0.2380462  0.16716976 0.3589725 ]\n",
      "[0.54782331 0.31576799 0.05913076 0.07727793]\n",
      "[0.24334363 0.12368069 0.37247854 0.26049714]\n",
      "[0.54562344 0.26448339 0.16562435 0.02426882]\n",
      "[0.28355189 0.09174865 0.34513372 0.27956574]\n",
      "[0.17647099 0.10092386 0.06995304 0.65265212]\n",
      "[0.32995115 0.01395517 0.45700911 0.19908458]\n",
      "[0.12826899 0.0831709  0.10240532 0.68615479]\n",
      "[0.1660223  0.14257486 0.30225729 0.38914555]\n",
      "[0.05660701 0.18563717 0.39239877 0.36535706]\n",
      "[0.04937973 0.32872777 0.40532848 0.21656401]\n",
      "[0.39871194 0.06114391 0.5009736  0.03917055]\n",
      "[0.18487629 0.05573281 0.02701358 0.73237732]\n",
      "[0.00697477 0.00130213 0.14835742 0.84336568]\n",
      "[0.03694489 0.59747494 0.14066012 0.22492005]\n",
      "[0.18578494 0.57141694 0.15139547 0.09140264]\n",
      "[0.11065422 0.45494611 0.22143107 0.21296861]\n",
      "[0.5002882  0.02164251 0.23900433 0.23906496]\n",
      "[0.00155932 0.76296019 0.09041151 0.14506897]\n",
      "[0.31572169 0.36646057 0.14549079 0.17232694]\n",
      "[0.02510875 0.28987999 0.09032741 0.59468385]\n",
      "[0.35579749 0.48591783 0.11975569 0.03852899]\n",
      "[0.11318419 0.40860185 0.26752146 0.21069251]\n",
      "[0.11494746 0.59879804 0.05099803 0.23525648]\n",
      "[0.36178939 0.55297378 0.06062631 0.02461051]\n",
      "[0.15741267 0.3449935  0.23406543 0.2635284 ]\n",
      "[0.19119144 0.02439804 0.78134361 0.00306691]\n",
      "[0.17736751 0.4061001  0.4069545  0.0095779 ]\n",
      "[0.14219854 0.37163211 0.18350051 0.30266884]\n",
      "[0.24751189 0.07120755 0.46299607 0.21828449]\n",
      "[0.22770032 0.01029217 0.65993694 0.10207057]\n",
      "[0.03670072 0.43864057 0.18544843 0.33921027]\n",
      "[0.18978134 0.12669471 0.33371106 0.34981289]\n",
      "[0.00971805 0.264564   0.54984314 0.17587481]\n",
      "[0.62864089 0.14359052 0.16052029 0.0672483 ]\n",
      "[0.14603625 0.27074965 0.54863869 0.03457542]\n",
      "[0.39515115 0.06421549 0.28499603 0.25563733]\n",
      "[0.25025481 0.08837773 0.14375445 0.51761301]\n",
      "[0.67078442 0.10512857 0.22135218 0.00273483]\n",
      "[0.23818468 0.40677634 0.22988913 0.12514985]\n",
      "[0.10806095 0.52320287 0.36258449 0.00615168]\n",
      "[0.40370605 0.25837905 0.19670517 0.14120973]\n",
      "[0.2274009  0.01293062 0.247374   0.51229448]\n",
      "[0.51927992 0.25253888 0.09187344 0.13630776]\n",
      "[0.10168491 0.209448   0.52897704 0.15989004]\n",
      "[0.35669692 0.23518728 0.17606357 0.23205223]\n",
      "[0.12847061 0.55046784 0.3119189  0.00914265]\n",
      "[0.26022928 0.13735151 0.38789894 0.21452028]\n",
      "[0.57292722 0.05623429 0.12894015 0.24189834]\n",
      "[0.33405347 0.52612684 0.10770981 0.03210987]\n",
      "[0.20710235 0.01702067 0.14520005 0.63067693]\n",
      "[0.14017184 0.3231547  0.40375588 0.13291758]\n",
      "[0.01459076 0.11097945 0.68048648 0.1939433 ]\n",
      "[0.32419123 0.56028623 0.04959921 0.06592334]\n",
      "[0.04501212 0.62389646 0.1542797  0.17681172]\n",
      "[0.05412725 0.62534289 0.22262763 0.09790222]\n",
      "[0.34534324 0.32032618 0.01318624 0.32114435]\n",
      "[0.07675286 0.09221719 0.76453679 0.06649316]\n",
      "[0.19175566 0.27907474 0.46955943 0.05961017]\n",
      "[0.74031034 0.07123365 0.0459964  0.14245962]\n",
      "[0.11443689 0.62893593 0.01920731 0.23741986]\n",
      "[0.35302915 0.03946721 0.08276642 0.52473722]\n",
      "[0.25190951 0.35252585 0.1681846  0.22738004]\n",
      "[0.22271366 0.20168167 0.52176684 0.05383784]\n",
      "[0.10786786 0.63459736 0.03065073 0.22688404]\n",
      "[0.42151144 0.3000539  0.2389171  0.03951756]\n",
      "[0.29977182 0.50515161 0.03242666 0.16264991]\n",
      "[0.28874274 0.03344357 0.19147252 0.48634117]\n",
      "[0.59284556 0.21146167 0.09180379 0.10388899]\n",
      "[0.35457575 0.03108902 0.487548   0.12678723]\n",
      "[0.48545402 0.03509545 0.20006901 0.27938152]\n",
      "[0.40661545 0.03640943 0.14844445 0.40853066]\n",
      "[0.63688151 0.10593707 0.23894729 0.01823413]\n",
      "[2.10286955e-01 2.72624885e-04 1.67219078e-01 6.22221342e-01]\n",
      "[0.23230249 0.33172924 0.2104389  0.22552937]\n",
      "[0.20352318 0.23180684 0.47109392 0.09357606]\n",
      "[0.64961992 0.09403609 0.20936574 0.04697825]\n",
      "[0.28695023 0.41224898 0.27033834 0.03046244]\n",
      "[0.00523564 0.40975093 0.55857009 0.02644334]\n",
      "[0.43310438 0.14891073 0.16652658 0.25145832]\n",
      "[0.09854275 0.27533413 0.10172062 0.5244025 ]\n",
      "[0.14938332 0.08123936 0.73051935 0.03885796]\n",
      "[0.47606597 0.40863579 0.00161064 0.1136876 ]\n",
      "[0.08267631 0.62910261 0.16347851 0.12474257]\n",
      "[0.09552845 0.04640002 0.5564172  0.30165434]\n",
      "[0.42732977 0.0882411  0.01879886 0.46563026]\n",
      "[0.08816443 0.41670578 0.24691769 0.2482121 ]\n",
      "[0.10628784 0.30211041 0.09132614 0.50027561]\n",
      "[0.22078478 0.09801002 0.2476669  0.4335383 ]\n",
      "[0.30677856 0.4140121  0.04330909 0.23590025]\n",
      "[0.25791001 0.1669576  0.5673073  0.0078251 ]\n",
      "[0.08363685 0.34204928 0.57186059 0.00245328]\n",
      "[0.36454875 0.23696229 0.20961114 0.18887782]\n",
      "[0.01404442 0.57914236 0.138631   0.26818223]\n",
      "[0.66860685 0.08780582 0.06066531 0.18292202]\n",
      "[0.1908456  0.13899866 0.22681453 0.44334121]\n",
      "[0.59249415 0.19367087 0.19508009 0.01875489]\n",
      "[0.21493446 0.13218754 0.47600177 0.17687623]\n",
      "[0.06488684 0.57038666 0.20768204 0.15704446]\n",
      "[0.14343704 0.33867156 0.30428334 0.21360806]\n",
      "[0.22379168 0.51709571 0.01583928 0.24327333]\n",
      "[0.16726873 0.24128462 0.36117103 0.23027562]\n",
      "[0.13896411 0.14395201 0.48845689 0.22862699]\n",
      "[0.06256094 0.09922201 0.02674725 0.8114698 ]\n",
      "[0.14564776 0.49996102 0.19042596 0.16396526]\n",
      "[0.11349682 0.37672837 0.36280472 0.14697009]\n",
      "[0.2589201  0.06863877 0.37570451 0.29673663]\n",
      "[0.10480022 0.17406042 0.37805914 0.34308022]\n",
      "[0.12974941 0.12494881 0.49523639 0.25006539]\n",
      "[0.24738825 0.22392703 0.46860094 0.06008379]\n",
      "[0.26572223 0.31570837 0.09967062 0.31889878]\n",
      "[0.04541088 0.08971909 0.70248988 0.16238015]\n",
      "[0.37690781 0.17888585 0.19827947 0.24592687]\n",
      "[0.11542293 0.06701031 0.60303159 0.21453517]\n",
      "[0.3388137  0.17319972 0.48134269 0.00664389]\n",
      "[0.15392317 0.02994862 0.16898758 0.64714062]\n",
      "[0.43357044 0.13550887 0.06901332 0.36190738]\n",
      "[0.05138863 0.10204362 0.81720369 0.02936406]\n",
      "[0.43981236 0.20775174 0.07552156 0.27691434]\n",
      "[0.14005829 0.56050474 0.20835415 0.09108283]\n",
      "[0.72854692 0.10065555 0.02389179 0.14690574]\n",
      "[0.39815175 0.28334247 0.1109661  0.20753968]\n",
      "[0.32521455 0.17116384 0.4363566  0.06726501]\n",
      "[0.13594007 0.30420363 0.18617622 0.37368007]\n",
      "[0.67002901 0.09812706 0.03023316 0.20161078]\n",
      "[0.36921752 0.27948819 0.12065023 0.23064407]\n",
      "[0.03268898 0.30100434 0.35996934 0.30633734]\n",
      "[0.06642545 0.02456093 0.84663311 0.06238051]\n",
      "[0.19229517 0.08113994 0.19116057 0.53540432]\n",
      "[0.29033976 0.3939776  0.10274679 0.21293585]\n",
      "[0.05598027 0.77455281 0.13774496 0.03172197]\n",
      "[0.45409803 0.27408812 0.00718747 0.26462638]\n",
      "[0.14151554 0.50818282 0.17672389 0.17357775]\n",
      "[0.19515662 0.11478797 0.43567037 0.25438504]\n",
      "[0.07748327 0.3809599  0.00501242 0.5365444 ]\n",
      "[0.7730609  0.09919303 0.00572203 0.12202404]\n",
      "[0.0231858  0.13390518 0.4383156  0.40459342]\n",
      "[0.38022922 0.0831655  0.04380534 0.49279994]\n",
      "[0.12088548 0.00198051 0.47100122 0.40613279]\n",
      "[0.55197648 0.12206217 0.03424453 0.29171682]\n",
      "[0.38637255 0.38027035 0.0929308  0.1404263 ]\n",
      "[0.05762465 0.51312895 0.24008983 0.18915657]\n",
      "[0.59341576 0.09484274 0.14003062 0.17171089]\n",
      "[0.0287113  0.05572981 0.35615404 0.55940484]\n",
      "[0.26436379 0.12579649 0.02446707 0.58537265]\n",
      "[0.52425772 0.06612269 0.15257097 0.25704862]\n",
      "[0.22180902 0.62788916 0.09853086 0.05177096]\n",
      "[0.49322303 0.1505155  0.0170202  0.33924127]\n",
      "[0.28601747 0.08398918 0.08368206 0.5463113 ]\n",
      "[0.22120289 0.60479926 0.13512317 0.03887468]\n",
      "[0.26540229 0.1066346  0.51994097 0.10802215]\n",
      "[0.10009527 0.4567759  0.39943266 0.04369617]\n",
      "[0.38088065 0.14341138 0.21205379 0.26365418]\n",
      "[0.20821029 0.04536708 0.29245161 0.45397102]\n",
      "[0.08294349 0.43211885 0.16382622 0.32111144]\n",
      "[0.15838999 0.03746602 0.63869938 0.16544461]\n",
      "[0.21362798 0.35300266 0.31816132 0.11520804]\n",
      "[0.26956707 0.18931975 0.16367334 0.37743984]\n",
      "[0.13957903 0.25405704 0.20945605 0.39690788]\n",
      "[0.61897344 0.02175781 0.0687314  0.29053735]\n",
      "[0.09252284 0.53737201 0.20668732 0.16341783]\n",
      "[0.03349697 0.32960257 0.51604523 0.12085523]\n",
      "[0.04441722 0.57610375 0.20954491 0.16993411]\n",
      "[0.05649637 0.03143244 0.89955836 0.01251283]\n",
      "[0.60995707 0.31466043 0.04018149 0.03520101]\n",
      "[0.35783159 0.13202015 0.10663272 0.40351554]\n",
      "[0.20883969 0.32745493 0.20535218 0.2583532 ]\n",
      "[0.08013676 0.0764544  0.03424413 0.8091647 ]\n",
      "[0.55445319 0.03997649 0.3764559  0.02911442]\n",
      "[0.12029646 0.0645651  0.25905599 0.55608245]\n",
      "[0.35356971 0.13472276 0.0718753  0.43983222]\n",
      "[0.18012825 0.33184707 0.43353541 0.05448927]\n",
      "[0.24943375 0.05946564 0.33888555 0.35221506]\n",
      "[0.43257955 0.14782904 0.3228306  0.0967608 ]\n",
      "[0.02346704 0.11503257 0.5878064  0.27369399]\n",
      "[0.04638578 0.2138278  0.63610532 0.10368109]\n",
      "[0.14760446 0.02296752 0.56603478 0.26339324]\n",
      "[0.10335249 0.19865521 0.39442038 0.30357192]\n",
      "[0.11583673 0.24469042 0.34443726 0.29503559]\n",
      "[2.23487064e-04 2.60316283e-02 5.97805502e-01 3.75939383e-01]\n",
      "[0.30714407 0.37128235 0.00172668 0.31984691]\n",
      "[0.07120706 0.54690996 0.04544209 0.3364409 ]\n",
      "[0.29229261 0.13426659 0.29207839 0.28136242]\n",
      "[0.37223035 0.26948515 0.18430224 0.17398226]\n",
      "[0.04697538 0.17723393 0.17374598 0.60204471]\n",
      "[0.54413901 0.06496709 0.16514515 0.22574875]\n",
      "[0.39611388 0.06803582 0.07870109 0.4571492 ]\n",
      "[0.19568172 0.02544163 0.56699806 0.21187859]\n",
      "[0.40302628 0.05210797 0.52477732 0.02008843]\n",
      "[0.07466999 0.19775516 0.53860422 0.18897063]\n",
      "[0.06839222 0.28430136 0.55318764 0.09411878]\n",
      "[0.23706804 0.21493962 0.03498845 0.51300389]\n",
      "[0.1938025  0.14521404 0.57583126 0.0851522 ]\n",
      "[0.05300227 0.05647585 0.65197243 0.23854945]\n",
      "[0.31251391 0.22873887 0.41298965 0.04575756]\n",
      "[0.16999888 0.01853697 0.38567502 0.42578914]\n",
      "[0.06101656 0.60767512 0.06640635 0.26490197]\n",
      "[0.40514713 0.04111689 0.27088372 0.28285226]\n",
      "[0.32832427 0.24180894 0.16390918 0.26595761]\n",
      "[0.220002   0.18816416 0.40131767 0.19051617]\n",
      "[0.10370178 0.49449397 0.21700442 0.18479983]\n",
      "[0.16202277 0.19369695 0.14808092 0.49619936]\n",
      "[0.01749306 0.19405628 0.02063565 0.76781501]\n",
      "[0.094641   0.01761724 0.30098833 0.58675342]\n",
      "[0.04148986 0.74277505 0.07843326 0.13730182]\n",
      "[0.06035359 0.59736845 0.07920807 0.26306988]\n",
      "[0.12328453 0.21440421 0.06795034 0.59436092]\n",
      "[0.0634772  0.15069074 0.00884954 0.77698252]\n",
      "[0.03200134 0.12473785 0.56843461 0.27482619]\n",
      "[0.05318301 0.61048316 0.08834141 0.24799243]\n",
      "[0.71315364 0.00165701 0.04646684 0.23872252]\n",
      "[0.51825723 0.07810369 0.2821361  0.12150298]\n",
      "[0.41688355 0.28615366 0.26631232 0.03065047]\n",
      "[0.07736767 0.32906553 0.51655549 0.07701131]\n",
      "[0.33838542 0.17406981 0.23142595 0.25611883]\n",
      "[0.08574689 0.903263   0.00642877 0.00456134]\n",
      "[0.0856316  0.19909709 0.612227   0.10304431]\n",
      "[0.77712556 0.07439489 0.08660539 0.06187416]\n",
      "[0.11386543 0.18977723 0.28012039 0.41623695]\n",
      "[0.04339121 0.53295089 0.00400579 0.41965211]\n",
      "[0.03263355 0.63448181 0.17130247 0.16158217]\n",
      "[0.3395385  0.33726651 0.22115886 0.10203613]\n",
      "[0.07944789 0.00827146 0.52627317 0.38600749]\n",
      "[0.28686894 0.2246681  0.43130968 0.05715328]\n",
      "[0.34858394 0.47681273 0.12776474 0.04683859]\n",
      "[0.30390206 0.03896221 0.26010517 0.39703056]\n",
      "[0.17495881 0.4630945  0.3549736  0.00697309]\n",
      "[0.06138525 0.73431126 0.00422882 0.20007466]\n",
      "[0.46414094 0.4031298  0.0204334  0.11229586]\n",
      "[0.18651496 0.23414424 0.16020614 0.41913466]\n",
      "[0.63924181 0.11098626 0.13319208 0.11657985]\n",
      "[0.76860433 0.04706703 0.0513613  0.13296734]\n",
      "[0.31943623 0.22716836 0.29933539 0.15406002]\n",
      "[0.27369805 0.04667087 0.21673183 0.46289925]\n",
      "[0.3108405  0.10122508 0.46903831 0.11889611]\n",
      "[0.65857846 0.0181103  0.06327288 0.26003836]\n",
      "[0.10885631 0.00633518 0.64306196 0.24174655]\n",
      "[0.10825638 0.18536869 0.16865656 0.53771837]\n",
      "[0.07544467 0.52117575 0.00207307 0.40130652]\n",
      "[0.03643416 0.19214509 0.68379526 0.08762549]\n",
      "[0.51613761 0.31653995 0.06509112 0.10223132]\n",
      "[0.18071536 0.13764185 0.67706628 0.0045765 ]\n",
      "[0.50115553 0.04341611 0.12246031 0.33296805]\n",
      "[0.1275525  0.2501615  0.6211908  0.00109519]\n",
      "[0.28178375 0.4390509  0.16475645 0.1144089 ]\n",
      "[0.86271425 0.03251421 0.07714448 0.02762706]\n",
      "[0.1365427  0.68016437 0.12068481 0.06260812]\n",
      "[0.10250457 0.64780406 0.10263154 0.14705982]\n",
      "[0.04945895 0.28249644 0.0199626  0.648082  ]\n",
      "[0.16767144 0.36679648 0.15658807 0.30894401]\n",
      "[0.21259804 0.0318941  0.39022275 0.3652851 ]\n",
      "[0.06962374 0.47868271 0.19775458 0.25393897]\n",
      "[0.1249253  0.09952563 0.02725403 0.74829504]\n",
      "[0.65110964 0.03468051 0.18631849 0.12789135]\n",
      "[0.36624408 0.05347397 0.38231173 0.19797022]\n",
      "[0.00880079 0.34961381 0.53349506 0.10809034]\n",
      "[0.0077231  0.54590739 0.02589892 0.42047059]\n",
      "[0.03409463 0.26780161 0.05377426 0.64432951]\n",
      "[0.50941196 0.26005757 0.21688863 0.01364184]\n",
      "[0.07000683 0.48513363 0.12432119 0.32053835]\n",
      "[0.19641642 0.01937369 0.32147208 0.46273781]\n",
      "[0.48435834 0.29076905 0.12024005 0.10463256]\n",
      "[0.12262506 0.3956184  0.46767931 0.01407723]\n",
      "[0.15197618 0.57141058 0.10029291 0.17632033]\n",
      "[0.08491517 0.31566157 0.33427061 0.26515264]\n",
      "[0.05584121 0.79906141 0.01462275 0.13047463]\n",
      "[0.02044058 0.22288711 0.15636369 0.60030863]\n",
      "[0.29316225 0.13812989 0.47489041 0.09381744]\n",
      "[0.07638853 0.04667418 0.37479018 0.50214711]\n",
      "[0.31486015 0.04309018 0.15179889 0.49025078]\n",
      "[0.47926961 0.07442524 0.29374612 0.15255903]\n",
      "[0.04039848 0.28794158 0.15612742 0.51553251]\n",
      "[0.1205322  0.01291176 0.58985129 0.27670474]\n",
      "[0.55795249 0.20338521 0.12828366 0.11037864]\n",
      "[0.31343992 0.50104613 0.12921153 0.05630242]\n",
      "[0.08329026 0.08693819 0.70865435 0.1211172 ]\n",
      "[0.02978227 0.56187237 0.24255931 0.16578605]\n",
      "[0.04571734 0.64837752 0.29390313 0.01200201]\n",
      "[0.41749008 0.24130408 0.21165053 0.12955531]\n",
      "[0.27049671 0.5958717  0.10249272 0.03113887]\n",
      "[0.06379843 0.03589399 0.11427088 0.78603671]\n",
      "[0.23293066 0.28022574 0.13406745 0.35277615]\n",
      "[0.06750322 0.26818527 0.37924254 0.28506896]\n",
      "[0.41667242 0.2415785  0.32718185 0.01456723]\n",
      "[0.55730813 0.10081542 0.30144472 0.04043173]\n",
      "[0.00394602 0.00875247 0.32895222 0.65834929]\n",
      "[0.03078541 0.31258312 0.1716688  0.48496267]\n",
      "[0.26663663 0.21059704 0.04093729 0.48182904]\n",
      "[0.11633983 0.27815082 0.28661914 0.31889021]\n",
      "[0.21401546 0.43347307 0.26102096 0.0914905 ]\n",
      "[0.23954725 0.16165973 0.15975976 0.43903326]\n",
      "[0.25674367 0.16252805 0.20522797 0.37550031]\n",
      "[0.07532289 0.79708112 0.07907529 0.0485207 ]\n",
      "[0.17848595 0.03259727 0.57700344 0.21191334]\n",
      "[0.06493616 0.64552537 0.148042   0.14149648]\n",
      "[0.46201865 0.12467387 0.07172841 0.34157907]\n",
      "[0.54056879 0.14925017 0.20205868 0.10812236]\n",
      "[0.57920588 0.10479195 0.1065383  0.20946387]\n",
      "[0.03913433 0.14090442 0.47312783 0.34683341]\n",
      "[0.04151852 0.14524308 0.19598304 0.61725535]\n",
      "[0.09909747 0.25487071 0.64477679 0.00125503]\n",
      "[0.34806633 0.08818159 0.44682034 0.11693174]\n",
      "[0.83145391 0.10003281 0.04844396 0.02006932]\n",
      "[0.28669231 0.09706827 0.32147836 0.29476106]\n",
      "[0.04132516 0.27920874 0.12524287 0.55422322]\n",
      "[0.02662729 0.59189987 0.07148843 0.3099844 ]\n",
      "[0.0834361  0.35875105 0.52206486 0.03574799]\n",
      "[0.4312985  0.27191365 0.14755482 0.14923303]\n",
      "[0.08619593 0.36508521 0.02681193 0.52190693]\n",
      "[0.84122971 0.03045672 0.03900283 0.08931074]\n",
      "[0.01324322 0.15322959 0.56019488 0.27333231]\n",
      "[0.83277964 0.0355338  0.01151793 0.12016863]\n",
      "[0.08463248 0.06555014 0.73559317 0.11422421]\n",
      "[0.23783737 0.59591491 0.03629414 0.12995358]\n",
      "[0.71395325 0.02722733 0.11767991 0.14113952]\n",
      "[0.05231868 0.0575756  0.02862745 0.86147828]\n",
      "[0.08586791 0.67793762 0.17611797 0.06007649]\n",
      "[0.31958465 0.42163367 0.03840485 0.22037682]\n",
      "[0.31438057 0.31292736 0.3417632  0.03092887]\n",
      "[0.12659233 0.34749952 0.43804098 0.08786718]\n",
      "[0.25630143 0.10754922 0.18178497 0.45436438]\n",
      "[0.32263473 0.4966339  0.06772978 0.11300159]\n",
      "[0.22235722 0.23845541 0.43927183 0.09991553]\n",
      "[0.20067552 0.06553458 0.34331493 0.39047497]\n",
      "[0.17167751 0.267408   0.25796329 0.3029512 ]\n",
      "[0.18913956 0.23031837 0.41391512 0.16662695]\n",
      "[0.07903255 0.56474778 0.00823437 0.3479853 ]\n",
      "[0.15832176 0.04873611 0.25284171 0.54010042]\n",
      "[0.40257374 0.10814268 0.12535409 0.36392948]\n",
      "[0.47745032 0.2351267  0.13338659 0.1540364 ]\n",
      "[0.07158818 0.21263749 0.2297878  0.48598654]\n",
      "[0.11755354 0.1785357  0.64315796 0.0607528 ]\n",
      "[0.03020922 0.15213222 0.26101605 0.5566425 ]\n",
      "[0.04002847 0.54382342 0.30023942 0.11590868]\n",
      "[0.07395689 0.20509872 0.39826813 0.32267626]\n",
      "[0.43033108 0.14193129 0.22018376 0.20755387]\n",
      "[0.11118345 0.7558523  0.11007788 0.02288637]\n",
      "[0.03253563 0.03778748 0.35505404 0.57462285]\n",
      "[0.5251614  0.09371475 0.05697492 0.32414893]\n",
      "[0.78804618 0.02133135 0.13458354 0.05603892]\n",
      "[0.13293709 0.40769182 0.18735094 0.27202015]\n",
      "[0.31822607 0.22854228 0.22864637 0.22458528]\n",
      "[0.15431994 0.33796696 0.38626947 0.12144363]\n",
      "[0.27568033 0.13130549 0.20194764 0.39106654]\n",
      "[0.14686771 0.19415959 0.32207284 0.33689986]\n",
      "[0.01781347 0.39873686 0.17744654 0.40600313]\n",
      "[0.03808263 0.14347409 0.58207326 0.23637002]\n",
      "[0.46326959 0.00916748 0.06741111 0.46015183]\n",
      "[0.17365309 0.16458888 0.65779341 0.00396462]\n",
      "[0.13182552 0.07871082 0.32157731 0.46788634]\n",
      "[0.7705934  0.07848657 0.03753702 0.113383  ]\n",
      "[0.28950275 0.27161836 0.05991421 0.37896468]\n",
      "[0.11348218 0.30451053 0.12081321 0.46119408]\n",
      "[0.29245854 0.11811506 0.34525278 0.24417362]\n",
      "[0.44180491 0.3413419  0.11556866 0.10128453]\n",
      "[0.57682517 0.15202711 0.14230824 0.12883947]\n",
      "[0.24526573 0.1124799  0.25149171 0.39076266]\n",
      "[0.28862233 0.16907056 0.12016209 0.42214502]\n",
      "[0.34605094 0.446039   0.06262173 0.14528834]\n",
      "[0.34144483 0.01243683 0.48705303 0.15906531]\n",
      "[0.01163027 0.52103352 0.09522934 0.37210686]\n",
      "[0.27355771 0.43214085 0.03735625 0.25694519]\n",
      "[0.13256053 0.642765   0.15808097 0.06659349]\n",
      "[0.10001279 0.53407268 0.14835112 0.2175634 ]\n",
      "[0.07670105 0.21088358 0.03937491 0.67304046]\n",
      "[0.11170457 0.66890846 0.09875037 0.1206366 ]\n",
      "[0.51492772 0.08691008 0.06514619 0.33301601]\n",
      "[0.15974399 0.16258052 0.37971104 0.29796444]\n",
      "[0.49464235 0.15960033 0.02091519 0.32484212]\n",
      "[0.38174909 0.11020868 0.25483425 0.25320799]\n",
      "[0.04287217 0.45610175 0.27091763 0.23010844]\n",
      "[0.29957984 0.31093258 0.19288508 0.1966025 ]\n",
      "[0.0266578  0.03090626 0.22994646 0.71248948]\n",
      "[0.01685462 0.76627101 0.04306204 0.17381233]\n",
      "[0.19432701 0.2629476  0.34098109 0.2017443 ]\n",
      "[0.10343079 0.39534469 0.01653042 0.4846941 ]\n",
      "[0.05102228 0.33208798 0.27864132 0.33824841]\n",
      "[0.10850276 0.27846629 0.53842393 0.07460703]\n",
      "[0.00389818 0.12876701 0.04186917 0.82546564]\n",
      "[0.04740865 0.31064515 0.28248482 0.35946139]\n",
      "[0.11755924 0.30386383 0.3345668  0.24401012]\n",
      "[0.00313406 0.5348744  0.38538691 0.07660463]\n",
      "[0.26193402 0.22507533 0.21130565 0.301685  ]\n",
      "[0.42659256 0.11535554 0.13267869 0.32537321]\n",
      "[0.04219347 0.46901382 0.40829403 0.08049868]\n",
      "[0.17714063 0.17946159 0.31852042 0.32487736]\n",
      "[0.37490026 0.06966514 0.51043993 0.04499467]\n",
      "[0.49141099 0.10103162 0.40435127 0.00320613]\n",
      "[0.57869739 0.2643964  0.03376742 0.12313879]\n",
      "[0.54254149 0.08540415 0.34706231 0.02499206]\n",
      "[0.05346677 0.27173591 0.24875332 0.426044  ]\n",
      "[0.0693974  0.05443281 0.59818647 0.27798332]\n",
      "[0.10438327 0.03318408 0.3333467  0.52908595]\n",
      "[0.11928704 0.29427887 0.30100631 0.28542778]\n",
      "[0.81359905 0.08703462 0.04739864 0.05196769]\n",
      "[0.14343631 0.18111104 0.09427172 0.58118094]\n",
      "[0.22002246 0.36404842 0.3441042  0.07182492]\n",
      "[0.39719958 0.02476472 0.33820545 0.23983025]\n",
      "[0.49781504 0.3477917  0.14454543 0.00984783]\n",
      "[6.56450768e-02 6.57009695e-04 7.14203639e-01 2.19494274e-01]\n",
      "[0.70721338 0.06056719 0.14432963 0.08788979]\n",
      "[0.12363989 0.75664812 0.00642521 0.11328678]\n",
      "[0.60109262 0.23978775 0.13046281 0.02865682]\n",
      "[0.31639583 0.02776323 0.52082371 0.13501722]\n",
      "[0.73314971 0.13382401 0.12073988 0.01228641]\n",
      "[4.93936814e-04 8.90740883e-01 7.41968544e-02 3.45683260e-02]\n",
      "[0.07442033 0.02431427 0.86455015 0.03671525]\n",
      "[0.44767964 0.37009502 0.13166694 0.0505584 ]\n",
      "[0.0371348  0.18067387 0.07612226 0.70606907]\n",
      "[0.29306725 0.21490377 0.08566419 0.4063648 ]\n",
      "[0.1496027  0.62102885 0.12305401 0.10631444]\n",
      "[0.73151338 0.11251278 0.10405376 0.05192008]\n",
      "[0.07262288 0.32259174 0.49228631 0.11249907]\n",
      "[0.01374077 0.17534763 0.06792247 0.74298912]\n",
      "[0.0371924  0.64527355 0.09225115 0.2252829 ]\n",
      "[0.01151542 0.20378021 0.19712506 0.58757931]\n",
      "[0.05036282 0.64539604 0.26875343 0.03548771]\n",
      "[0.01869033 0.03113504 0.21669686 0.73347776]\n",
      "[0.05141434 0.16414877 0.25489246 0.52954443]\n",
      "[0.02529154 0.43370838 0.47068317 0.07031691]\n",
      "[0.63267766 0.07095434 0.0298187  0.2665493 ]\n",
      "[0.09835826 0.31284427 0.22851096 0.36028652]\n",
      "[0.13811339 0.22250481 0.06951429 0.56986751]\n",
      "[0.45788934 0.24448458 0.20452275 0.09310333]\n",
      "[0.03391645 0.22012643 0.71731959 0.02863754]\n",
      "[0.0079572  0.24991636 0.10059415 0.64153229]\n",
      "[0.6764178  0.0486855  0.2209461  0.05395059]\n",
      "[0.4521815  0.40208648 0.01687939 0.12885263]\n",
      "[0.08428849 0.4468594  0.19791795 0.27093416]\n",
      "[0.17097271 0.22551088 0.30980333 0.29371308]\n",
      "[0.33411338 0.47636792 0.11639987 0.07311883]\n",
      "[0.0697601 0.204844  0.0172066 0.7081893]\n",
      "[0.16195349 0.39686618 0.37225385 0.06892648]\n",
      "[0.46573196 0.33097843 0.15209444 0.05119517]\n",
      "[0.40197812 0.17414328 0.24274791 0.18113068]\n",
      "[0.59063185 0.31025475 0.0559096  0.0432038 ]\n",
      "[0.26737039 0.10628075 0.1463685  0.47998037]\n",
      "[0.08514484 0.30439526 0.45624092 0.15421898]\n",
      "[0.01952939 0.53547951 0.4341803  0.0108108 ]\n",
      "[0.62308697 0.0637789  0.23730932 0.07582481]\n",
      "[0.1779719  0.41405933 0.16468689 0.24328189]\n",
      "[0.28955742 0.55502272 0.03072245 0.12469741]\n",
      "[0.37040126 0.34308311 0.26599628 0.02051935]\n",
      "[0.14490781 0.40488215 0.05668869 0.39352136]\n",
      "[0.22798676 0.24495261 0.46182517 0.06523546]\n",
      "[0.03523994 0.14303361 0.27482245 0.546904  ]\n",
      "[0.4297841  0.00649024 0.14194479 0.42178086]\n",
      "[0.38373507 0.29733532 0.22573391 0.0931957 ]\n",
      "[0.23970388 0.38239518 0.01584876 0.36205217]\n",
      "[0.03752252 0.21130505 0.31565563 0.4355168 ]\n",
      "[0.60270613 0.06058471 0.2231998  0.11350937]\n",
      "[0.20163115 0.39959858 0.00905661 0.38971366]\n",
      "[0.09065929 0.30282226 0.58620658 0.02031187]\n",
      "[0.50199193 0.43093338 0.04455527 0.02251942]\n",
      "[0.04275796 0.01737569 0.63899156 0.30087479]\n",
      "[0.54023654 0.2397902  0.0515645  0.16840876]\n",
      "[0.35484451 0.09084412 0.1046149  0.44969647]\n",
      "[0.07213572 0.18336917 0.48754156 0.25695355]\n",
      "[0.09994271 0.79145352 0.06666455 0.04193921]\n",
      "[0.63179366 0.0024711  0.12623144 0.2395038 ]\n",
      "[0.27735731 0.13688404 0.29176953 0.29398912]\n",
      "[0.54940968 0.10553376 0.08592489 0.25913167]\n",
      "[0.08392836 0.09788613 0.6054442  0.21274131]\n",
      "[0.08847761 0.32074793 0.09698016 0.4937943 ]\n",
      "[0.51476913 0.05311974 0.11141478 0.32069635]\n",
      "[0.25524188 0.41864455 0.28840087 0.0377127 ]\n",
      "[0.0865985  0.58585351 0.20984399 0.11770399]\n",
      "[0.24326136 0.23788313 0.11171836 0.40713715]\n",
      "[0.01134828 0.42277853 0.39007078 0.17580241]\n",
      "[0.17742465 0.09920613 0.43474888 0.28862035]\n",
      "[0.09843195 0.291647   0.22897049 0.38095056]\n",
      "[0.71473993 0.06720171 0.13431869 0.08373967]\n",
      "[0.07183934 0.0133048  0.19568381 0.71917206]\n",
      "[0.49078474 0.39567718 0.05664424 0.05689383]\n",
      "[0.03075585 0.28914323 0.23590989 0.44419102]\n",
      "[0.08234517 0.07797638 0.38805381 0.45162464]\n",
      "[0.26323984 0.15892632 0.40294172 0.17489212]\n",
      "[0.11002005 0.03805528 0.10263156 0.74929311]\n",
      "[0.12513078 0.13685003 0.36747094 0.37054825]\n",
      "[0.19685625 0.41628121 0.2569372  0.12992534]\n",
      "[0.24179988 0.06415462 0.47619591 0.21784959]\n",
      "[0.00322495 0.24611431 0.09107582 0.65958491]\n",
      "[0.16500626 0.04952284 0.36085658 0.42461433]\n",
      "[0.04106795 0.08110019 0.58865421 0.28917765]\n",
      "[0.37859357 0.26913745 0.15461913 0.19764985]\n",
      "[0.01048086 0.04368051 0.25234596 0.69349266]\n",
      "[0.39102312 0.16642401 0.24876892 0.19378395]\n",
      "[0.24151665 0.39037469 0.29110941 0.07699924]\n",
      "[0.28773885 0.21046332 0.394657   0.10714084]\n",
      "[0.05659161 0.28920073 0.47267612 0.18153154]\n",
      "[0.43497798 0.00711926 0.05723337 0.50066939]\n",
      "[0.42061713 0.25178489 0.29168226 0.03591572]\n",
      "[0.14334021 0.61993678 0.2249035  0.01181952]\n",
      "[0.19665731 0.34187881 0.00836839 0.45309549]\n",
      "[0.67419806 0.12340542 0.07119066 0.13120586]\n",
      "[0.21446458 0.07216545 0.5179821  0.19538786]\n",
      "[0.09408533 0.11256018 0.78182868 0.01152581]\n",
      "[0.15684035 0.14301021 0.36387507 0.33627436]\n",
      "[0.29472121 0.06944745 0.35000357 0.28582776]\n",
      "[0.09909417 0.42616742 0.34084785 0.13389056]\n",
      "[0.30838825 0.38723419 0.17220103 0.13217653]\n",
      "[0.14812956 0.26998086 0.46361157 0.118278  ]\n",
      "[0.5080741  0.09283101 0.32565403 0.07344085]\n",
      "[0.37148326 0.17439236 0.15447786 0.29964652]\n",
      "[0.36053998 0.20774127 0.3103588  0.12135995]\n",
      "[0.03178483 0.55866585 0.27702227 0.13252706]\n",
      "[0.3285224  0.48744238 0.09423144 0.08980379]\n",
      "[0.21986841 0.14536267 0.43477499 0.19999393]\n",
      "[0.36286096 0.43479147 0.19501467 0.0073329 ]\n",
      "[0.23429753 0.1439708  0.2622168  0.35951487]\n",
      "[0.31321843 0.16054321 0.07416384 0.45207452]\n",
      "[0.0323138  0.17662431 0.62354114 0.16752075]\n",
      "[0.11681278 0.33782547 0.00415621 0.54120554]\n",
      "[0.10046599 0.0148934  0.3801573  0.50448332]\n",
      "[0.2063497  0.28417571 0.36126427 0.14821032]\n",
      "[0.10294833 0.2189409  0.37369157 0.30441921]\n",
      "[0.0955052  0.09590583 0.11888747 0.6897015 ]\n",
      "[0.2374786  0.18518151 0.29187977 0.28546012]\n",
      "[0.03897718 0.04914439 0.34853233 0.5633461 ]\n",
      "[0.10321753 0.10122292 0.40076776 0.39479179]\n",
      "[0.40860613 0.24232168 0.21775391 0.13131828]\n",
      "[0.59494832 0.22094874 0.14841497 0.03568797]\n",
      "[0.05399957 0.03947631 0.86192087 0.04460325]\n",
      "[0.28964659 0.16595165 0.06804886 0.47635289]\n",
      "[0.20406635 0.63090262 0.05942512 0.1056059 ]\n",
      "[0.53471164 0.00371146 0.00111332 0.46046357]\n",
      "[0.14816269 0.51902762 0.00631423 0.32649547]\n",
      "[0.14572714 0.05138901 0.65740751 0.14547635]\n",
      "[0.52834963 0.01237791 0.43264729 0.02662517]\n",
      "[0.16405879 0.65800853 0.00843463 0.16949805]\n",
      "[0.11530419 0.15941083 0.55437237 0.17091261]\n",
      "[0.3408383  0.04291012 0.17285684 0.44339474]\n",
      "[0.01169371 0.09432799 0.50623315 0.38774515]\n",
      "[0.31940208 0.5367512  0.14275732 0.00108941]\n",
      "[0.0498852  0.00900038 0.92760543 0.01350899]\n",
      "[0.28070246 0.65075019 0.06664997 0.00189738]\n",
      "[0.67480208 0.22215361 0.06309969 0.03994462]\n",
      "[0.45876713 0.47841522 0.0301735  0.03264415]\n",
      "[0.36177598 0.07355654 0.16652011 0.39814737]\n",
      "[0.14362081 0.10121826 0.38751537 0.36764556]\n",
      "[0.13342335 0.17629619 0.29455484 0.39572562]\n",
      "[0.11240591 0.06020037 0.40460993 0.42278379]\n",
      "[0.04920739 0.2490032  0.63016261 0.07162681]\n",
      "[0.32795403 0.17014774 0.13707536 0.36482287]\n",
      "[0.18850546 0.75559582 0.04113496 0.01476376]\n",
      "[0.62916888 0.22903993 0.01166241 0.13012878]\n",
      "[0.4170463  0.06108591 0.08018001 0.44168777]\n",
      "[0.19766355 0.47098006 0.12998104 0.20137535]\n",
